0,20,7,9
1,4,3,21
2,7,22,19
3,11,19,3
4,0,20,4
5,18,17,15
6,21,1,14
7,23,19,8
8,1,17,4
9,3,1,7
10,19,12,1
11,14,7,13
12,18,5,1
13,20,6,8
14,3,6,16
15,12,22,18
16,22,0,14
17,14,22,8
18,13,12,8
19,7,1,23
20,12,8,11
21,20,12,1
22,8,0,9
23,23,15,12
24,19,5,2
25,5,7,9
26,1,16,22
27,3,20,9
28,3,9,2
29,10,12,23
30,23,21,12
31,0,1,8
32,1,3,9
33,6,13,0
34,20,14,23
35,19,5,1
36,4,22,5
37,7,3,17
38,8,15,6
39,10,11,0
40,12,23,15
41,16,2,4
42,22,16,7
43,7,10,12
44,3,8,5
45,23,16,1
46,17,13,4
47,9,6,4
48,15,10,0
49,7,17,20
50,0,6,22
51,7,16,20
52,13,8,17
53,21,10,6
54,21,16,3
55,17,22,3
56,7,16,15
57,21,11,0
58,12,11,8
59,1,6,12
60,13,1,21
61,12,8,0
62,7,1,5
63,1,12,17
64,16,23,0
65,8,5,14
66,10,13,22
67,16,6,5
68,17,1,8
69,8,4,3
70,15,0,4
71,2,11,16
72,4,14,0
73,10,7,2
74,9,15,2
75,1,15,8
76,7,16,4
77,4,0,8
78,5,9,6
79,4,19,16
80,0,12,5
81,4,19,21
82,11,9,21
83,1,6,16
84,13,5,8
85,15,8,4
86,16,3,13
87,11,1,14
88,13,3,5
89,1,15,8
90,14,6,5
91,1,4,0
92,2,15,6
93,19,16,9
94,16,19,4
95,13,21,9
96,16,12,6
97,1,10,12
98,4,6,9
99,1,0,7
100,14,12,5
101,1,15,4
102,13,21,3
103,15,11,1
104,10,9,15
105,0,15,13
106,15,21,3
107,5,10,8
108,10,7,9
109,7,0,1
110,9,13,4
111,7,12,4
112,13,3,0
113,9,5,1
114,12,2,8
115,7,4,13
116,12,0,10
117,4,1,9
118,4,3,12
119,2,12,1
120,9,14,5
121,9,0,2
122,14,9,2
123,1,11,5
124,7,9,11
125,12,0,11
126,11,3,10
127,13,7,12
128,0,9,3
129,10,15,3
130,12,1,11
131,7,5,1
132,13,9,0
133,10,1,3
134,11,6,5
135,10,14,9
136,1,3,7
137,8,14,10
138,4,3,11
139,4,7,11
140,4,2,14
141,9,13,3
142,3,14,5
143,8,5,2
144,6,13,2
145,2,4,15
146,11,6,1
147,4,11,0
148,2,9,8
149,6,1,14
150,11,5,6
151,2,15,11
152,10,11,14
153,6,9,1
154,1,5,6
155,14,9,6
156,7,10,1
157,11,8,10
158,8,9,11
159,9,4,6
160,7,4,5
161,9,8,10
162,4,8,2
163,11,8,1
164,2,14,0
165,3,2,5
166,7,14,3
167,5,7,11
168,10,6,1
169,4,10,1
170,9,11,5
171,6,3,11
172,5,14,11
173,10,5,9
174,7,5,10
175,0,1,9
176,4,6,3
177,9,0,6
178,9,0,4
179,14,5,11
180,4,6,11
181,0,3,7
182,1,11,5
183,8,10,11
184,4,10,11
185,4,0,2
186,6,7,11
187,5,6,1
188,3,7,2
189,2,8,5
190,8,10,3
191,5,8,10
192,0,3,6
193,1,3,2
194,7,2,1
195,5,4,1
196,2,6,5
197,10,8,0
198,8,0,4
199,4,0,8
200,0,5,2
201,10,7,0
202,5,10,3
203,3,1,4
204,8,5,7
205,4,10,8
206,3,0,5
207,5,7,1
208,1,5,3
209,4,1,5
210,8,2,5
211,4,1,5
212,5,3,2
213,3,0,1
214,1,3,10
215,5,4,1
216,5,0,3
217,8,2,10
218,4,1,7
219,8,0,10
220,10,0,2
221,7,4,8
222,10,1,4
223,3,6,5
224,3,4,5
225,8,3,7
226,7,2,6
227,1,4,0
228,4,8,6
229,4,7,5
230,4,7,2
231,4,5,8
232,6,3,5
233,7,1,2
234,5,2,3
235,8,2,6
236,6,8,1
237,0,1,3
238,1,4,0
239,8,2,1
240,4,3,7
241,0,1,8
242,4,0,7
243,2,5,7
244,6,5,1
245,0,8,1
246,4,3,1
247,8,6,5
248,8,0,6
249,7,5,2
250,1,0,5
251,2,1,6
252,1,0,2
253,7,1,3
254,5,3,1
255,5,4,1
256,3,5,0
257,2,5,3
258,1,2,5
259,2,5,4
260,4,1,3
261,7,6,5
262,4,7,2
263,7,0,1
264,0,7,1
265,3,6,0
266,6,7,3
267,6,0,4
268,4,6,0
269,5,2,4
270,2,7,1
271,6,5,7
272,4,5,3
273,0,3,5
274,0,7,3
275,1,3,7
276,5,0,1
277,6,1,0
278,1,7,3
279,0,5,7
280,5,3,6
281,5,4,7
282,2,3,7
283,2,0,7
284,3,5,6
285,1,4,2
286,2,3,6
287,2,0,3
288,2,6,4
289,7,4,6
290,1,2,6
291,4,6,3
292,1,5,3
293,3,2,4
294,5,0,1
295,6,4,0
296,5,6,4
297,6,5,1
298,4,2,3
299,0,6,5
300,4,2,0
301,1,0,5
302,6,2,0
303,4,0,5
304,3,5,0
305,2,4,0
306,0,5,4
307,0,4,3
308,2,1,0
309,2,5,6
310,1,0,5
311,5,4,3
312,2,0,1
313,3,6,5
314,4,3,5
315,3,1,5
316,0,5,6
317,6,4,5
318,3,2,4
319,6,1,2
320,2,5,0
321,4,2,5
322,3,1,6
323,2,1,0
324,5,3,0
325,1,2,3
326,3,6,4
327,3,4,5
328,4,6,0
329,5,1,2
330,0,1,6
331,6,1,4
332,1,4,6
333,3,2,0
334,4,3,0
335,3,5,6
336,0,4,6
337,4,2,0
338,1,0,5
339,5,0,3
340,0,3,4
341,0,4,5
342,2,5,0
343,2,3,0
344,6,1,2
345,1,2,6
346,3,2,0
347,3,2,0
348,0,2,6
349,3,0,2
350,2,1,4
351,4,2,0
352,4,1,3
353,1,2,4
354,0,4,1
355,3,1,4
356,2,3,1
357,3,0,2
358,4,0,1
359,1,2,3
360,1,2,4
361,3,2,4
362,2,1,4
363,1,4,2
364,0,4,1
365,0,1,4
366,1,0,4
367,2,1,0
368,0,3,4
369,4,2,3
370,3,4,2
371,3,0,4
372,0,3,2
373,0,3,2
374,1,0,2
375,2,1,0
376,3,1,4
377,1,3,4
378,2,4,1
379,0,3,1
380,2,0,3
381,4,3,0
382,3,4,0
383,4,3,1
384,1,4,2
385,4,3,2
386,4,1,3
387,0,1,4
388,1,2,0
389,2,1,3
390,1,2,3
391,3,2,1
392,3,4,0
393,3,2,0
394,1,2,3
395,2,0,3
396,2,3,1
397,2,1,0
398,2,0,1
399,1,3,2
400,0,1,2
401,1,2,0
402,2,3,0
403,3,2,1
404,2,0,1
405,3,0,1
406,2,1,0
407,0,1,3
408,2,0,1
409,3,1,0
410,3,2,1
411,0,1,3
412,3,1,2
413,1,2,0
414,0,3,2
415,3,1,2
416,2,1,3
417,2,0,1
418,0,3,1
419,1,0,3
420,2,1,3
421,1,0,3
422,0,1,3
423,2,1,3
424,3,2,0
425,1,2,0
426,2,3,0
427,1,3,2
428,1,2,0
429,0,1,2
430,1,0,2
431,2,1,3
432,2,1,3
433,2,3,1
434,2,1,3
435,3,1,0
436,3,2,0
437,3,2,0
438,1,2,3
439,1,2,3
440,3,1,0
441,0,3,1
442,0,3,1
443,1,3,2
444,3,1,0
445,0,1,3
446,1,2,3
447,3,0,2
448,0,2,1
449,1,3,2
450,1,0,2
451,1,2,3
452,1,3,0
453,1,2,0
454,0,2,1
455,0,1,2
456,1,2,3
457,1,0,2
458,3,0,1
459,0,3,1
460,2,1,0
461,1,3,0
462,0,2,1
463,2,3,0
464,3,0,1
465,0,2,1
466,0,1,3
467,2,3,1
468,2,1,3
469,1,0,2
470,1,3,0
471,3,1,0
472,3,2,0
473,3,1,2
474,1,2,3
475,3,0,1
476,2,0,1
477,0,2,3
478,0,2,3
479,0,2,1
480,1,0,3
481,2,3
482,2,3
483,2,3
484,2,3
485,2,3
486,2,3
487,2,3
488,2,0
489,2,0
490,2,0
491,2,0
492,2,0
493,2,0
494,2,0
495,2,0
496,2,0
497,2,0
498,2,0
499,2,0
500,2,0
501,2,0
502,2,0
503,2,0
504,2,0
505,2,0
506,2,0
507,2,0
508,2,0
509,2,0
510,2,0
511,2,0
512,2,0
513,2,0
514,2,0
515,2,0
516,2,0
517,2,0
518,2,0
519,2,0
520,2,0
521,2,0
522,2,0
523,2,0
524,2,0
525,2,0
526,2,0
527,2,0
528,2,0
529,2,0
530,2,0