0,23,17,9
1,2,12,10
2,8,4,3
3,0,22,1
4,13,5,9
5,20,11,3
6,13,0,11
7,1,9,14
8,8,4,2
9,5,14,1
10,9,11,6
11,3,8,19
12,2,6,4
13,1,7,12
14,1,12,16
15,0,3,5
16,1,12,8
17,5,10,2
18,0,8,12
19,1,0,2
20,4,0,3
21,7,3,2
22,7,1,2
23,0,2,6
24,12,2,1
25,10,0,3
26,12,1,5
27,0,5,6
28,0,5,3
29,0,10,6
30,4,1,0
31,3,6,4
32,5,1,2
33,7,5,1
34,6,0,3
35,2,1,4
36,0,1,10
37,0,6,3
38,3,7,6
39,2,6,0
40,1,6,3
41,2,4,6
42,5,1,0
43,5,3,6
44,2,7,1
45,3,7,2
46,3,7,2
47,4,0,2
48,6,2,4
49,6,4,2
50,3,1,0
51,0,6,1
52,2,1,5
53,6,5,2
54,1,5,2
55,4,0,3
56,4,6,1
57,1,5,2
58,1,6,5
59,1,6,4
60,0,5,2
61,5,3,4
62,0,2,1
63,2,5,1
64,4,2,0
65,3,0,4
66,0,2,4
67,4,1,2
68,0,4,1
69,4,2,1
70,1,3,0
71,4,1,2
72,2,3,0
73,5,4,0
74,2,1,0
75,0,5,1
76,0,1,5
77,0,1,4
78,1,0,5
79,0,1
80,0,1
81,0,1
82,0,1
83,0,1
84,0,1
85,0,1
86,0,1
87,0,1
88,0,1
89,0,1
90,0,1
91,0,1
92,0,1
93,0,1
94,0,1
95,0,1
96,0,1
97,0,1
98,1,0
99,1,0