0,9,21,14
1,20,12,10
2,11,19,8
3,14,22,19
4,23,7,17
5,6,4,15
6,9,10,11
7,21,23,4
8,6,13,5
9,14,15,13
10,14,13,18
11,7,9,22
12,13,5,7
13,6,12,10
14,13,14,4
15,10,12,8
16,8,5,3
17,13,20,8
18,2,3,4
19,13,3,17
20,13,3,21
21,7,10,20
22,8,10,5
23,13,18,8
24,7,18,17
25,11,3,20
26,7,17,12
27,13,21,10
28,7,11,20
29,8,3,13
30,6,9,13
31,19,17,14
32,21,20,7
33,9,7,18
34,8,11,19
35,4,10,5
36,19,18,9
37,19,12,6
38,11,13,16
39,12,21,17
40,16,15,6
41,19,8,16
42,4,17,20
43,20,19,7
44,4,8,6
45,6,14,4
46,11,17,15
47,14,15,16
48,8,7,9
49,8,15,7
50,6,15,7
51,6,9,15
52,20,12,19
53,10,8,14
54,13,4,9
55,16,7,8
56,8,15,14
57,19,6,14
58,12,16,8
59,6,4,20
60,10,18,17
61,11,13,12
62,11,13,9
63,5,7,11
64,11,16,5
65,12,19,13
66,14,18,15
67,16,6,8
68,18,8,6
69,10,13,17
70,15,11,4
71,6,19,17
72,9,4,5
73,19,11,9
74,14,16,8
75,8,7,16
76,5,11,6
77,6,5,13
78,19,11,12
79,11,15,8
80,4,18,7
81,17,13,4
82,4,8,6
83,12,10,6
84,15,5,13
85,17,5,18
86,10,11,16
87,11,10,8
88,14,13,12
89,4,6,12
90,18,14,8
91,11,8,12
92,5,15,13
93,8,7,17
94,4,11,10
95,18,11,5
96,19,6,9
97,13,6,4
98,14,18,9
99,9,16,8
100,15,11,8
101,15,8,5
102,13,18,14
103,8,19,14
104,15,7,12
105,17,10,8
106,19,7,11
107,14,11,7
108,14,4,9
109,10,17,15
110,18,12,10
111,7,9,11
112,7,5,11
113,16,8,9
114,5,17,16
115,5,6,12
116,16,17,9
117,5,14,13
118,10,15,7
119,17,15,12
120,8,16,14
121,10,14,18
122,13,15,11
123,8,5,6
124,12,8,17
125,15,14,7
126,12,13,11
127,12,17,11
128,12,5,17
129,14,15,11
130,15,11,17
131,18,9,16
132,17,16,9
133,12,13,14
134,7,9,12
135,11,12,16
136,15,12,9
137,13,16,7
138,18,14,11
139,9,15,10
140,14,7,8
141,16,14,11
142,7,14,13
143,7,11,18
144,12,18,9
145,9,8,7
146,18,15,9
147,10,9,8
148,10,14,13
149,18,15,9
150,13,7,18
151,10,7,12
152,10,11,12
153,16,15,7
154,5,12,7
155,10,8,15
156,5,13,10
157,18,10,9
158,14,18,8
159,6,14,9
160,15,9,7
161,11,8,6
162,8,14,15
163,8,13,16
164,13,7,18
165,16,9,13
166,16,14,10
167,16,5,9
168,16,5,6
169,14,13,9
170,11,7,13
171,15,6,13
172,8,13,12
173,13,16,10
174,16,5,12
175,9,16,6
176,8,15,14
177,6,12,5
178,9,11,6
179,7,13,9
180,13,7,14
181,16,10,5
182,13,16,6
183,11,5,14
184,5,15,12
185,16,9,11
186,5,15,12
187,16,14,6
188,5,16,15
189,10,11,14
190,5,16,10
191,16,5,7
192,13,10,11
193,12,7,11
194,11,9,13
195,5,16,14
196,12,13,9
197,12,6,8
198,15,13,9
199,15,6,5
200,16,15,6
201,16,15,7
202,8,12,7
203,16,11,6
204,13,10,9
205,13,15,11
206,12,14,8
207,13,10,8
208,8,16,12
209,6,14,15
210,16,11,7
211,16,15,10
212,16,9,12
213,15,6,10
214,9,12,15
215,11,14,7
216,9,6,15
217,8,13,6
218,10,12,14
219,10,8,16
220,8,12,9
221,10,15,12
222,12,7,13
223,6,12,15
224,10,7,6
225,10,11,13
226,10,9,7
227,7,9,12
228,11,7,9
229,11,9,13
230,12,16,13
231,10,12,16
232,15,7,10
233,9,14,16
234,6,11,12
235,10,13,14
236,13,6,9
237,9,7,11
238,11,9,12
239,13,16,9
240,10,7,9
241,15,8,16
242,14,13,9
243,14,12,15
244,7,12,11
245,15,14,10
246,8,14,7
247,8,9,11
248,10,9,12
249,11,14,13
250,14,12,13
251,8,15,9
252,11,15,8
253,14,7,12
254,9,11,8
255,9,13,14
256,15,12,14
257,10,12,15
258,8,13,11
259,9,8,13
260,10,15,13
261,9,13,10
262,15,14,8
263,10,7,8
264,15,11,8
265,11,13,14
266,10,14,13
267,9,11,15
268,12,11,8
269,9,7,12
270,13,11,9
271,12,15,9
272,11,7,9
273,11,7,14
274,9,13,11
275,7,12,14
276,15,9,7
277,12,8,14
278,8,10,13
279,8,12,13
280,13,11,9
281,14,13,15
282,9,10,11
283,12,13,11
284,10,11,9
285,10,13,7
286,15,7,13
287,14,13,8
288,11,10,15
289,12,8,7
290,13,10,7
291,14,13,7
292,8,7,9
293,11,8,7
294,14,9,12
295,10,13,12
296,14,7,12
297,11,14,7
298,11,9,10
299,13,14,12
300,10,13,14
301,7,13,9
302,7,14,10
303,14,13,8
304,13,14,11
305,13,11,10
306,11,7,13
307,14,7,13
308,12,10,14
309,13,10,8
310,12,10,11
311,9,10,12
312,11,14,12
313,7,8,10
314,7,8,12
315,12,9,7
316,12,11,14
317,11,10,9
318,9,13,8
319,11,10,8
320,7,10,14
321,12,8,10
322,12,8,14
323,13,9,8
324,13,9,11
325,8,7,9
326,13,10,14
327,8,9,10
328,10,13,9
329,13,9,8
330,12,9,8
331,9,14,13
332,12,11,7
333,10,9,13
334,14,7,12
335,14,13,12
336,14,9,13
337,13,12,10
338,13,8,9
339,13,9,8
340,9,7,14
341,13,8,12
342,7,14,10
343,9,8,10
344,11,14,10
345,8,13,11
346,13,7,8
347,9,11,13
348,12,14,10
349,10,14,8
350,10,14,9
351,13,11,12
352,13,12,7
353,14,13,10
354,11,8,9
355,14,13,8
356,7,11,9
357,12,11,9
358,13,10,9
359,13,11,14
360,9,11,13
361,13,10,12
362,7,12,13
363,7,12,10
364,12,14,7
365,8,7,10
366,8,14,11
367,11,14,9
368,10,7,13
369,12,7,10
370,14,13,8
371,8,11,13
372,9,11,14
373,14,11,8
374,12,7,8
375,9,10,12
376,8,11,9
377,9,11,7
378,9,11,10
379,8,10,13
380,7,10,13
381,12,10,11
382,13,11,8
383,10,11,8
384,7,9,10
385,8,12,11
386,13,9,11
387,8,7,10
388,10,9,13
389,9,11,7
390,9,13,10
391,7,12,8
392,10,7,9
393,13,12,8
394,9,8,10
395,7,9,13
396,12,13,10
397,7,12,13
398,8,10,12
399,8,10,11
400,8,13,12
401,10,8,11
402,9,7,11
403,9,13,11
404,13,9,7
405,11,12,13
406,13,12,7
407,10,8,7
408,7,13,11
409,11,13,10
410,9,7,10
411,12,7,8
412,12,7,8
413,9,7,10
414,10,9,11
415,12,8,10
416,10,9,8
417,11,12,8
418,10,9,11
419,8,11,12
420,11,8,9
421,12,9,11
422,11,9,10
423,12,9,8
424,8,10,9
425,8,12,10
426,12,9,10
427,11,9,10
428,11,10,8
429,9,12,8
430,11,10,9
431,10,11,8
432,8,11,12
433,8,11,12
434,10,12,8
435,10,12,9
436,11,8,12
437,8,9,12
438,10,11,9
439,11,8,10
440,12,10,11
441,9,12,11
442,8,11,9
443,11,12,10
444,12,10,8
445,10,11,9
446,10,11,9
447,10,12,11
448,12,10,11
449,9,10,11
450,9,11,12
451,12,10,9
452,10,11,9
453,12,9,10
454,9,10,12
455,12,9,11
456,10,12,9
457,11,12,10
458,12,11,10
459,12,11,10
460,10,12,11
461,11,10,12
462,10,11,12
463,10,11,12
464,10,11,12
465,12,11,10
466,11,12,10
467,11,12,10
468,10,12,11
469,10,11,12
470,11,10,12
471,10,12,11
472,12,10,11
473,12,10,11
474,10,11,12
475,10,11,12
476,11,10,12
477,11,12,10
478,12,10,11
479,10,12,11
480,11,12,10
481,11,10,12
482,11,12,10
483,10,11,12
484,10,12,11
485,12,10,11
486,10,12,11
487,10,12,11
488,10,12,11
489,10,11,12
490,10,12,11
491,11,12,10
492,10,12
493,10,12
494,10,12
495,10,12
496,10,12
497,10,12
498,10,12
499,10,0
500,10,0
501,10,0
502,10,0
503,10,0
504,10,0
505,10,0
506,10,0
507,10,0
508,10,0
