0,21,18,16
1,14,22,3
2,18,13,23
3,17,16,9
4,19,23,11
5,6,20,11
6,20,4,7
7,12,2,20
8,5,4,15
9,3,4,12
10,3,20,23
11,1,9,2
12,10,17,14
13,11,22,3
14,11,18,0
15,4,16,12
16,18,11,3
17,17,0,14
18,23,5,10
19,9,7,17
20,23,3,0
21,16,12,9
22,11,4,13
23,18,22,6
24,23,0,6
25,2,18,12
26,14,18,13
27,0,16,5
28,19,21,4
29,18,1,10
30,4,16,6
31,18,1,2
32,5,14,18
33,22,0,17
34,18,13,11
35,21,0,19
36,13,15,2
37,19,11,14
38,7,12,3
39,23,0,13
40,21,23,17
41,18,5,11
42,22,2,21
43,23,12,2
44,15,14,12
45,3,23,21
46,6,4,2
47,13,4,11
48,13,19,3
49,3,4,1
50,15,17,19
51,15,9,12
52,2,4,3
53,21,10,2
54,11,5,3
55,14,2,13
56,14,21,2
57,6,21,0
58,12,23,3
59,8,22,6
60,7,21,9
61,8,15,11
62,17,6,8
63,6,15,3
64,12,13,16
65,13,0,11
66,9,8,1
67,5,16,6
68,22,2,8
69,10,19,4
70,22,13,9
71,2,12,4
72,0,17,15
73,6,13,7
74,14,1,15
75,2,16,1
76,1,14,12
77,16,17,1
78,11,19,22
79,12,15,4
80,22,15,13
81,22,13,12
82,14,13,5
83,15,5,6
84,6,5,13
85,17,2,13
86,10,3,13
87,12,13,1
88,13,10,14
89,9,0,4
90,3,4,9
91,3,7,13
92,14,15,2
93,22,5,2
94,14,16,7
95,15,2,11
96,9,19,16
97,15,23,8
98,12,2,1
99,15,8,6
100,10,6,13
101,9,7,1
102,19,13,14
103,4,13,10
104,0,2,19
105,4,17,1
106,14,11,3
107,13,12,11
108,5,8,7
109,17,3,2
110,17,4,12
111,5,9,2
112,13,2,1
113,8,9,17
114,9,11,5
115,13,6,11
116,9,14,12
117,12,8,3
118,6,0,10
119,12,11,8
120,5,14,8
121,10,4,3
122,8,5,7
123,9,10,2
124,1,11,3
125,10,5,9
126,11,5,3
127,8,5,1
128,10,9,0
129,0,4,10
130,2,6,7
131,14,11,10
132,7,3,0
133,5,7,8
134,12,14,2
135,9,7,11
136,10,7,0
137,4,10,3
138,2,6,5
139,11,2,0
140,9,1,4
141,12,0,4
142,3,0,8
143,12,3,0
144,2,6,7
145,9,2,7
146,7,11,5
147,9,0,2
148,0,3,7
149,12,5,8
150,2,1,4
151,2,10,0
152,12,1,6
153,6,9,12
154,0,11,7
155,5,2,8
156,5,4,11
157,6,1,10
158,8,4,3
159,5,3,0
160,9,2,10
161,4,0,2
162,1,9,4
163,7,9,5
164,10,8,0
165,2,8,1
166,0,5,10
167,4,7,2
168,2,10,7
169,4,11,8
170,5,7,4
171,1,2,9
172,2,3,12
173,12,7,2
174,10,11,2
175,8,10,9
176,10,4,6
177,7,0,6
178,7,6,0
179,11,0,9
180,0,8,3
181,6,8,5
182,2,3,12
183,11,10,1
184,3,0,8
185,10,1,12
186,2,10,12
187,5,8,3
188,2,0,4
189,8,5,7
190,9,1,4
191,0,3,10
192,10,11,6
193,2,11,1
194,2,8,11
195,5,10,3
196,0,11,1
197,0,1,4
198,9,0,7
199,1,2,6
200,5,2,8
201,3,4,6
202,10,6,11
203,5,2,11
204,7,1,8
205,1,7,4
206,3,2,4
207,10,6,0
208,8,2,4
209,9,6,11
210,5,9,6
211,4,0,5
212,1,5,7
213,7,6,5
214,1,9,0
215,10,5,8
216,7,9,3
217,8,7,0
218,7,9,4
219,3,4,6
220,4,10,2
221,5,2,0
222,9,8,0
223,9,0,6
224,5,6,4
225,0,7,1
226,0,1,5
227,2,3,4
228,3,5,7
229,5,2,1
230,1,2,8
231,8,4,5
232,0,5,1
233,2,7,0
234,9,0,7
235,8,5,3
236,1,5,10
237,4,9,8
238,1,2,4
239,8,2,7
240,3,4,0
241,4,1,5
242,4,3,6
243,5,8,10
244,7,1,5
245,1,3,8
246,2,10,0
247,5,3,4
248,3,5,7
249,8,2,9
250,1,5,3
251,2,5,1
252,9,8,10
253,9,5,6
254,9,3,0
255,8,1,2
256,4,5,3
257,3,2,1
258,4,2,0
259,5,2,6
260,3,0,6
261,8,9,5
262,10,0,7
263,4,0,3
264,3,6,0
265,4,7,5
266,1,9,0
267,6,7,4
268,7,1,8
269,6,4,7
270,1,8,6
271,4,3,9
272,1,7,3
273,9,1,0
274,5,10,7
275,2,10,1
276,9,4,6
277,10,4,5
278,9,0,6
279,3,2,10
280,0,9,6
281,7,3,4
282,7,1,5
283,1,0,6
284,6,2,0
285,6,8,2
286,7,0,6
287,8,5,0
288,0,4,8
289,6,4,5
290,9,5,3
291,7,6,2
292,6,9,10
293,1,2,9
294,4,0,8
295,10,2,3
296,6,5,8
297,4,7,3
298,10,2,4
299,3,0,6
300,0,1,6
301,2,0,8
302,0,3,10
303,10,7,4
304,4,1,5
305,6,3,10
306,8,2,0
307,0,6,7
308,7,2,1
309,2,6,1
310,10,0,6
311,0,3,1
312,6,2,7
313,1,4,2
314,1,6,5
315,10,3,8
316,6,8,7
317,8,1,7
318,0,2,6
319,0,7,3
320,7,6,3
321,8,1,5
322,1,0,6
323,2,6,3
324,3,1,6
325,8,0,1
326,8,3,5
327,4,3,8
328,8,5,6
329,1,4,7
330,0,1,4
331,3,4,6
332,1,0,8
333,2,0,8
334,2,5,1
335,4,3,1
336,2,0,8
337,2,0,1
338,5,4,6
339,6,5,3
340,6,4,8
341,2,0,3
342,0,4,1
343,5,4,2
344,4,3,6
345,5,6,2
346,6,2,5
347,1,4,2
348,1,2,4
349,4,0,3
350,6,1,4
351,3,5,6
352,6,2,5
353,2,6,1
354,6,4,0
355,6,5,2
356,0,4,3
357,5,3,1
358,0,5,6
359,2,6,3
360,3,5,4
361,6,4,2
362,6,3,4
363,5,3,1
364,1,3,5
365,6,5,3
366,5,3,0
367,1,2,0
368,3,6,2
369,5,4,3
370,4,3,1
371,3,2,6
372,2,6,3
373,1,0,2
374,4,1,3
375,0,3,2
376,4,6,0
377,4,6,1
378,0,3,6
379,4,5,0
380,5,3,0
381,4,3,0
382,0,5,1
383,0,5,3
384,0,5,4
385,1,0,5
386,0,1,2
387,3,6,5
388,3,0,6
389,1,2,0
390,0,1,6
391,3,6,0
392,1,6,4
393,0,2,3
394,6,0,3
395,6,2,1
396,5,4,1
397,1,4,3
398,2,0,5
399,2,5,1
400,1,3,4
401,2,4,6
402,4,3,0
403,2,1,5
404,4,5,6
405,0,3,6
406,0,6,3
407,5,4,2
408,0,4,2
409,0,2,6
410,3,1,0
411,5,0,1
412,2,4,5
413,4,0,3
414,4,0,3
415,3,5,4
416,5,3,4
417,4,5,0
418,1,0,5
419,3,0,1
420,0,5,3
421,3,0,1
422,2,3,1
423,1,5,2
424,2,3,4
425,1,2,0
426,3,1,0
427,5,4,1
428,2,1,5
429,5,0,3
430,0,2,5
431,5,0,3
432,3,0,1
433,3,0,4
434,4,0,5
435,0,5,4
436,3,1,0
437,2,0,5
438,0,2,4
439,3,1,2
440,3,5,0
441,1,2,5
442,1,0,5
443,5,2,1
444,0,4,5
445,1,0,3
446,1,5,4
447,5,1,4
448,2,3,0
449,1,0,4
450,3,1,4
451,2,5,3
452,2,0,1
453,2,5,3
454,3,0,1
455,2,1,5
456,4,1,2
457,5,3,1
458,1,5,4
459,4,0,1
460,3,1,4
461,3,4,2
462,1,3,2
463,2,0,3
464,5,0,2
465,0,5,3
466,2,4,0
467,1,0,4
468,4,1,2
469,3,4,5
470,4,3,2
471,1,4,3
472,3,2,4
473,4,3,2
474,0,4,3
475,1,0,3
476,4,0,2
477,2,4,1
478,4,3,2
479,3,2,0
480,2,0,1
481,0,4,1
482,0,2,4
483,1,3,0
484,0,1,3
485,0,2,1
486,2,1,3
487,0,3,2
488,3,2,1
489,3,4,0
490,4,0,2
491,1,3,0
492,2,0,1
493,4,3,2
494,2,3,4
495,3,4,2
496,4,1,2
497,3,4,1
498,3,2,4
499,2,4,0
500,3,0,1
501,3,1,2
502,4,0,3
503,3,0,2
504,3,2,0
505,1,2,0
506,1,0,3
507,1,2,0
508,2,1,0
509,0,1,2
510,0,2,3
511,0,1,2
512,2,0,1
513,1,2,3
514,2,3,1
515,3,1,2
516,0,1,3
517,1,0,2
518,0,1,2
519,0,3,1
520,0,2,3
521,1,0,3
522,2,0,3
523,1,3,2
524,2,0,3
525,2,0,3
526,2,3,0
527,1,3,2
528,0,2,1
529,2,3,0
530,1,0,3
531,1,3,0
532,3,1,2
533,0,1,2
534,1,0,2
535,0,1,2
536,1,2
537,1,2
538,1,2
539,1,2
540,1,2
541,1,2
542,1,2
543,1,2
544,1,2
545,1,2
546,1,2
547,1,2
548,1,2
549,1,2
550,1,2
551,1,2
552,1,2
553,1,2
554,1,2
555,1,2
556,1,2
557,1,2
558,1,2
559,1,2
560,1,2
561,1,2
562,1,2
563,1,2
564,1,2
565,1,2
566,1,2
567,1,2
568,1,2
569,1,2
570,1,2
571,1,2
572,1,2
573,1,2
574,1,2
575,1,2
576,1,2
577,1,2
578,1,2
579,1,2
580,1,2
581,1,2
582,1,2
583,1,2
584,1,2
585,1,0
586,1,0
587,1,0
588,1,0
589,1,0
590,1,0
591,1,0
592,1,0
593,1,0
594,1,0
595,1,0
596,1,0
597,1,0
598,1,0
599,1,0
600,1,0
601,1,0
602,1,0
603,1,0
604,1,0
605,1,0
606,1,0
607,1,0
608,1,0
609,1,0
610,1,0