0,4,9,12
1,11,21,19
2,17,8,21
3,9,20,7
4,5,17,21
5,25,15,5
6,6,10,12
7,22,9,7
8,4,9,8
9,16,22,18
10,22,15,7
11,18,5,16
12,4,12,13
13,5,13,14
14,3,14,4
15,12,21,6
16,17,11,21
17,11,6,4
18,10,18,12
19,3,19,7
20,19,16,3
21,20,15,5
22,19,8,4
23,5,20,17
24,4,19,8
25,4,20,6
26,12,4,3
27,4,6,8
28,4,14,20
29,7,3,17
30,11,6,14
31,10,16,7
32,15,20,13
33,8,15,16
34,14,16,4
35,18,13,6
36,5,6,18
37,13,3,11
38,20,19,17
39,5,7,18
40,17,15,16
41,11,9,7
42,11,19,4
43,12,4,7
44,6,9,7
45,7,11,18
46,11,14,4
47,15,5,16
48,9,7,3
49,9,11,14
50,6,17,7
51,11,17,18
52,18,15,16
53,11,9,16
54,11,8,12
55,11,18,14
56,13,16,19
57,4,17,6
58,3,14,4
59,6,11,15
60,15,10,12
61,17,14,8
62,16,13,7
63,10,19,9
64,11,7,12
65,11,13,19
66,11,9,7
67,10,17,19
68,19,13,9
69,9,18,11
70,5,18,12
71,5,14,7
72,4,11,10
73,8,7,11
74,15,18,14
75,7,13,14
76,6,11,15
77,17,15,8
78,16,6,9
79,18,8,9
80,6,7,16
81,7,12,10
82,16,13,17
83,5,15,7
84,14,15,9
85,10,8,12
86,11,8,6
87,12,15,14
88,7,8,17
89,10,5,11
90,18,12,17
91,16,8,17
92,15,11,6
93,12,5,11
94,17,15,7
95,11,12,15
96,6,13,15
97,13,14,17
98,5,7,15
99,9,13,18
100,8,6,7
101,9,5,10
102,16,18,5
103,5,17,6
104,12,7,13
105,5,13,9
106,6,7,9
107,5,6,7
108,11,13,15
109,11,13,9
110,16,15,14
111,7,12,14
112,10,11,7
113,7,17,12
114,13,14,11
115,8,17,18
116,14,5,16
117,10,14,6
118,9,15,13
119,5,6,8
120,8,7,6
121,9,11,18
122,10,15,18
123,11,14,18
124,6,15,14
125,16,12,5
126,18,12,14
127,10,11,18
128,10,13,17
129,6,9,5
130,13,11,12
131,15,8,6
132,10,9,15
133,11,18,13
134,17,9,12
135,9,6,14
136,11,9,12
137,9,11,5
138,12,8,11
139,7,14,8
140,12,13,15
141,16,17,6
142,6,15,16
143,15,12,11
144,11,17,8
145,6,15,12
146,18,10,15
147,16,17,18
148,9,15,12
149,10,8,13
150,11,10,8
151,15,11,10
152,14,10,7
153,12,6,10
154,12,8,10
155,7,14,13
156,17,11,7
157,15,5,17
158,17,7,8
159,12,11,9
160,14,17,9
161,14,12,17
162,6,15,9
163,16,6,7
164,6,5,12
165,9,8,17
166,11,12,15
167,7,17,14
168,16,14,8
169,13,8,14
170,9,15,11
171,7,14,11
172,13,17,12
173,5,12,13
174,17,9,5
175,13,14,7
176,16,14,17
177,11,14,9
178,10,12,6
179,8,14,11
180,8,15,14
181,6,16,5
182,14,11,5
183,11,14,9
184,10,11,17
185,12,16,7
186,6,12,14
187,15,17,12
188,15,6,9
189,17,16,11
190,16,17,8
191,12,16,14
192,9,11,12
193,10,8,16
194,6,9,11
195,7,14,13
196,8,14,7
197,7,10,8
198,6,13,11
199,17,9,14
200,14,10,8
201,16,10,12
202,14,12,10
203,9,13,10
204,14,7,13
205,6,8,7
206,8,6,10
207,16,7,8
208,17,11,10
209,14,16,11
210,17,8,10
211,11,16,14
212,11,9,17
213,6,17,15
214,8,17,12
215,17,9,13
216,16,17,9
217,10,7,16
218,6,14,7
219,6,15,7
220,13,6,16
221,11,17,10
222,16,9,14
223,14,13,15
224,9,6,13
225,7,14,15
226,7,11,12
227,7,9,14
228,10,6,7
229,9,16,13
230,6,8,13
231,16,9,7
232,16,13,10
233,10,9,7
234,10,7,11
235,7,6,10
236,13,8,10
237,16,12,10
238,16,15,8
239,9,7,15
240,7,15,13
241,9,11,14
242,8,11,15
243,6,15,11
244,9,15,12
245,15,13,14
246,11,13,7
247,6,9,11
248,8,11,12
249,16,11,10
250,6,10,9
251,11,7,9
252,15,8,6
253,11,12,7
254,8,14,13
255,7,10,16
256,9,8,10
257,8,16,12
258,8,14,13
259,13,16,11
260,11,9,6
261,15,7,14
262,9,14,13
263,8,13,9
264,6,9,16
265,12,11,15
266,11,10,12
267,14,16,12
268,13,15,6
269,15,8,11
270,7,11,6
271,7,11,6
272,12,7,6
273,14,15,11
274,16,7,14
275,12,13,10
276,10,14,12
277,9,13,7
278,14,8,7
279,8,11,16
280,6,13,15
281,16,9,10
282,9,15,14
283,13,11,10
284,13,15,9
285,8,9,14
286,11,16,14
287,13,12,16
288,16,15,9
289,7,11,13
290,14,12,15
291,9,13,15
292,16,15,11
293,13,11,8
294,15,16,14
295,11,13,9
296,16,15,11
297,8,16,15
298,9,16,15
299,15,10,8
300,10,8,9
301,13,16,12
302,7,11,8
303,8,16,9
304,7,10,8
305,11,14,8
306,10,11,9
307,7,15,8
308,15,7,12
309,14,9,11
310,14,13,8
311,13,8,9
312,7,15,14
313,12,9,7
314,13,15,11
315,9,10,12
316,13,9,7
317,7,13,15
318,13,12,8
319,16,11,14
320,12,13,8
321,7,16,10
322,14,8,9
323,12,16,9
324,8,13,12
325,11,16,15
326,16,10,13
327,13,7,12
328,15,10,11
329,7,11,12
330,8,14,7
331,10,9,12
332,7,14,10
333,10,13,8
334,14,13,10
335,7,14,11
336,10,15,14
337,15,12,9
338,12,15,13
339,7,8,15
340,14,7,10
341,9,8,11
342,11,15,14
343,10,14,11
344,8,15,13
345,9,13,8
346,7,8,12
347,12,9,10
348,14,7,11
349,15,14,10
350,8,9,12
351,8,7,10
352,12,8,9
353,12,11,8
354,11,8,10
355,15,7,8
356,12,10,14
357,10,14,12
358,11,7,8
359,7,9,8
360,13,11,10
361,13,12,14
362,14,7,10
363,8,14,15
364,15,12,14
365,8,15,10
366,11,8,9
367,11,10,7
368,9,11,7
369,10,9,15
370,8,7,13
371,15,11,7
372,7,11,12
373,11,7,13
374,15,10,13
375,7,8,11
376,7,14,8
377,8,11,12
378,13,7,15
379,9,11,8
380,15,9,7
381,12,7,14
382,11,7,10
383,14,10,13
384,13,9,10
385,11,14,9
386,12,8,10
387,10,8,13
388,13,12,11
389,12,15,8
390,14,8,9
391,14,10,12
392,12,7,15
393,14,10,7
394,7,11,10
395,13,14,9
396,11,12,9
397,10,11,15
398,10,12,14
399,9,13,15
400,7,8,9
401,11,9,15
402,11,13,7
403,8,15,11
404,10,12,15
405,14,11,12
406,14,10,11
407,14,10,12
408,12,7,9
409,7,13,10
410,7,11,8
411,11,9,13
412,11,13,7
413,9,8,10
414,14,10,12
415,12,8,11
416,13,7,8
417,13,8,12
418,14,12,13
419,13,12,14
420,11,12,7
421,9,7,8
422,13,10,12
423,12,8,14
424,8,7,9
425,8,9,13
426,13,10,12
427,8,12,13
428,7,13,10
429,10,7,12
430,11,10,13
431,9,10,13
432,13,11,9
433,9,14,11
434,10,13,14
435,8,14,7
436,9,7,8
437,13,14,11
438,11,10,14
439,9,12,14
440,10,12,11
441,13,7,14
442,12,10,8
443,8,10,9
444,11,13,12
445,12,8,11
446,12,9,11
447,10,11,13
448,10,11,9
449,13,11,10
450,13,8,9
451,12,9,14
452,14,11,12
453,10,13,11
454,12,8,9
455,10,9,11
456,9,10,14
457,13,14,9
458,11,12,8
459,11,14,8
460,8,9,10
461,11,9,13
462,14,11,9
463,13,10,9
464,10,11,13
465,9,14,12
466,11,10,9
467,14,11,13
468,9,14,8
469,10,8,12
470,8,13,9
471,10,9,12
472,10,14,12
473,12,13,10
474,9,13,11
475,11,13,12
476,11,10,14
477,10,14,13
478,14,10,9
479,8,12,14
480,13,10,11
481,12,11,10
482,8,13,11
483,10,9,13
484,8,14,13
485,14,13,8
486,13,12,11
487,9,8,10
488,8,14,12
489,11,12,8
490,10,8,9
491,11,9,14
492,12,13,14
493,8,14,9
494,10,12,11
495,14,10,13
496,14,11,13
497,13,8,11
498,8,9,11
499,9,8,13
500,13,11,10
501,10,11,13
502,13,10,9
503,10,11,13
504,8,9,10
505,8,10,12
506,8,9,12
507,13,10,8
508,8,13,12
509,12,8,11
510,12,9,8
511,11,8,10
512,10,9,11
513,9,8,12
514,10,13,11
515,9,10,11
516,10,9,11
517,12,10,11
518,13,12,8
519,11,13,9
520,10,11,8
521,9,11,13
522,10,13,9
523,8,11,12
524,13,12,10
525,11,8,9
526,13,11,12
527,12,11,8
528,13,9,10
529,8,10,12
530,8,13,12
531,9,10,12
532,12,9,8
533,9,10,11
534,10,11,12
535,8,9,11
536,13,8,11
537,11,12,8
538,13,11,12
539,9,10,13
540,11,13,12
541,9,12,10
542,11,13,9
543,13,9,12
544,13,12,9
545,12,13,10
546,13,9,10
547,12,10,11
548,12,9,13
549,12,10,9
550,11,10,12
551,13,10,9
552,13,11,12
553,10,9,12
554,10,11,9
555,10,13,9
556,13,10,12
557,13,9,11
558,11,10,13
559,12,10,13
560,11,9,12
561,12,9,10
562,9,10,12
563,12,9,10
564,12,9,10
565,10,12,11
566,9,11,10
567,11,9,10
568,10,9,12
569,12,10,9
570,11,10,12
571,9,10,11
572,9,10,11
573,11,12,10
574,11,12,10
575,10,12,11
576,10,12,11
577,11,12,10
578,12,11,10
579,10,11,12
580,12,10,11
581,11,10,12
582,12,10,11
583,11,10,12
584,10,12,11
585,10,12
586,10,12
587,10,12
588,10,12
589,10,12
590,10,12
591,10,12
592,10,12
593,10,12
594,10,12
595,10,12
596,10,12
597,10,12
598,10,12
599,10,12
600,10,0
601,10,0
602,10,0
603,10,0
604,10,0
605,10,0
606,10,0
607,10,0
608,10,0
609,10,0
610,10,0
611,10,0
612,10,0
613,10,0
614,10,0